10,4,6
16,3,8
29,4,9
23,5,7
16,2,2
22,1,1
2,3,5
3,3,3
5,1,2
6,5,9
14,2,3
29,1,7
23,2,10
4,4,9
14,2,1
28,1,4
22,2,3
27,1,6
23,1,4
4,2,9
15,1,7
11,5,1
9,3,7
19,1,4
8,5,4
6,5,3
20,1,1
26,1,8
5,3,2
3,1,10
2,1,6
10,5,10
3,1,7
7,2,9
1,5,3
15,2,2
29,3,1
27,5,6
26,2,5
8,2,2
26,5,3
19,2,5
4,1,6
27,5,1
13,4,8
10,3,6
18,1,7
25,5,5
2,2,9
29,2,2
5,5,6
9,1,2
12,5,4
3,2,1
17,1,4
8,1,3
9,4,3
1,5,9
16,1,7
7,1,9
25,1,9
12,4,8
28,4,2
13,4,1
27,4,7
21,5,5
1,1,9
7,1,10
16,5,6
18,1,2
27,3,9
12,1,2
15,3,4
23,4,5
17,5,3
25,2,1
8,5,6
25,2,2
2,4,2
6,4,8
1,5,4
15,5,9
12,2,7
23,4,2
15,1,8
28,3,10
4,2,7
11,4,10
13,2,8
22,3,1
26,2,1
11,3,1
24,2,4
20,5,9
10,1,4
12,2,3
19,3,9
22,3,5
8,4,8
18,4,10
18,2,1
8,1,6
17,4,3
25,3,8
16,4,2
7,4,4
6,1,5
5,2,10
6,4,4
5,5,10
9,2,1
28,2,1
22,2,7
12,5,6
26,4,6
5,2,9
21,1,8
12,1,3
19,4,2
11,1,5
20,5,6
10,2,4
25,5,8
1,4,7
19,2,8
26,5,8
18,3,10
16,5,8
11,5,3
3,3,4
17,2,2
8,2,9
20,4,7
2,2,7
16,3,10
7,3,3
26,4,6
1,1,1
15,3,5
6,3,7
8,2,10
20,3,9
28,1,1
22,2,8
12,5,7
20,5,1
1,4,5
20,1,4
8,3,4
10,4,8
29,5,10
9,4,2
22,4,10
19,5,6
7,2,9
26,5,9
14,1,2
9,2,9
25,2,3
17,2,6
14,3,6
8,1,1
2,1,7
23,5,5
2,4,9
25,1,10
15,2,9
28,5,1
12,4,9
23,1,4
11,1,10
14,1,3
27,5,1
22,1,7
24,5,4
12,4,3
24,2,1
6,1,6
11,4,4
8,1,7
12,3,4
18,5,9
10,3,8
10,1,1
14,3,7
7,3,9
7,5,4
8,5,10
18,3,6
24,2,10
24,5,1
1,5,10
6,5,10
6,2,5
24,1,3
25,1,10
24,4,4
27,4,7
10,1,9
12,1,8
11,3,10
25,4,8
29,5,4
23,3,4
18,3,8
11,4,3
17,2,8
2,4,4
7,5,3
11,4,10
29,3,2
15,5,10
16,1,2
14,5,5
28,3,4
16,2,5
5,5,6
25,4,7
6,1,5
27,3,9
4,5,6
21,2,6
12,5,4
16,5,1
24,1,2
6,2,6
23,1,4
5,4,1
21,3,2
18,5,4
9,5,4
3,3,2
21,4,6
27,4,5
25,2,9
16,4,1
20,2,2
24,3,9
5,1,1
1,2,7
15,3,10
10,3,3
11,2,4
28,2,2
2,1,7
22,2,8
27,2,6
28,3,8
27,1,3
23,1,1
21,1,7
9,5,4
20,4,3
4,1,6
5,1,7
19,2,1
25,5,6
26,3,4
16,5,5
18,2,8
29,1,5
3,3,3
17,2,8
8,2,10
7,3,10
9,3,3
16,2,1
9,3,1
20,4,10
18,2,2
15,2,3
6,2,10
14,1,6
17,3,7
8,3,10
22,1,4
16,1,5
4,2,1
8,3,10
27,2,9
2,5,3
4,3,4
15,1,2
9,4,4
20,3,9
25,1,7
29,4,5
19,1,6
24,4,9
18,2,5
19,1,9
20,5,4
3,1,10
17,1,2
17,4,4
21,4,10
16,1,3
7,2,5
18,5,7
15,2,6
28,5,4
22,5,5
10,3,4
13,5,1
27,5,3
5,1,2
3,4,2
7,3,4
13,2,6
24,2,3
20,3,3
20,1,2
23,2,8
24,1,6
18,1,10
25,5,2
1,3,9
22,1,10
12,2,1
28,5,1
7,5,3
3,1,4
26,1,10
6,5,9
15,1,1
28,3,7
23,4,2
6,1,10
13,3,4
27,4,2
18,5,9
4,5,6
24,3,1
12,2,8
26,3,1
6,3,9
11,3,4
15,4,3
11,5,1
10,1,8
6,2,3
20,1,1
5,2,10
18,4,4
29,2,6
3,5,2
22,4,9
3,4,1
17,5,7
25,3,4
2,4,4
16,4,10
24,3,1
20,4,10
2,3,3
22,3,8
15,5,5
6,4,3
14,4,5
28,2,10
22,3,8
13,1,4
17,5,6
10,5,8
4,4,9
4,4,8
26,1,6
11,1,4
