1,1,1
1,1,9
1,2,7
1,3,9
1,4,7
1,4,5
1,5,4
1,5,10
1,5,3
1,5,9
2,1,7
2,1,7
2,1,6
2,2,9
2,2,7
2,3,3
2,3,5
2,4,9
2,4,4
2,4,4
2,4,2
2,5,3
3,1,7
3,1,10
3,1,4
3,1,10
3,2,1
3,3,3
3,3,4
3,3,3
3,3,2
3,4,2
3,4,1
3,5,2
4,1,6
4,1,6
4,2,1
4,2,7
4,2,9
4,3,4
4,4,8
4,4,9
4,4,9
4,5,6
4,5,6
5,1,2
5,1,7
5,1,2
5,1,1
5,2,10
5,2,9
5,2,10
5,3,2
5,4,1
5,5,10
5,5,6
5,5,6
6,1,10
6,1,5
6,1,5
6,1,6
6,2,5
6,2,6
6,2,10
6,2,3
6,3,7
6,3,9
6,4,8
6,4,4
6,4,3
6,5,9
6,5,3
6,5,10
6,5,9
7,1,9
7,1,10
7,2,5
7,2,9
7,2,9
7,3,3
7,3,9
7,3,4
7,3,10
7,4,4
7,5,3
7,5,4
7,5,3
8,1,7
8,1,3
8,1,6
8,1,1
8,2,10
8,2,2
8,2,9
8,2,10
8,3,10
8,3,10
8,3,4
8,4,8
8,5,6
8,5,10
8,5,4
9,1,2
9,2,1
9,2,9
9,3,1
9,3,7
9,3,3
9,4,3
9,4,4
9,4,2
9,5,4
9,5,4
10,1,1
10,1,9
10,1,4
10,1,8
10,2,4
10,3,3
10,3,4
10,3,8
10,3,6
10,4,6
10,4,8
10,5,10
10,5,8
11,1,5
11,1,4
11,1,10
11,2,4
11,3,4
11,3,10
11,3,1
11,4,10
11,4,4
11,4,10
11,4,3
11,5,3
11,5,1
11,5,1
12,1,3
12,1,2
12,1,8
12,2,1
12,2,8
12,2,7
12,2,3
12,3,4
12,4,3
12,4,9
12,4,8
12,5,7
12,5,4
12,5,4
12,5,6
13,1,4
13,2,6
13,2,8
13,3,4
13,4,8
13,4,1
13,5,1
14,1,3
14,1,2
14,1,6
14,2,3
14,2,1
14,3,6
14,3,7
14,4,5
14,5,5
15,1,8
15,1,1
15,1,2
15,1,7
15,2,6
15,2,9
15,2,2
15,2,3
15,3,5
15,3,4
15,3,10
15,4,3
15,5,5
15,5,10
15,5,9
16,1,5
16,1,2
16,1,7
16,1,3
16,2,5
16,2,2
16,2,1
16,3,10
16,3,8
16,4,1
16,4,2
16,4,10
16,5,6
16,5,1
16,5,5
16,5,8
17,1,4
17,1,2
17,2,6
17,2,8
17,2,8
17,2,2
17,3,7
17,4,4
17,4,3
17,5,7
17,5,6
17,5,3
18,1,10
18,1,7
18,1,2
18,2,5
18,2,1
18,2,2
18,2,8
18,3,10
18,3,6
18,3,8
18,4,10
18,4,4
18,5,9
18,5,7
18,5,4
18,5,9
19,1,9
19,1,6
19,1,4
19,2,5
19,2,1
19,2,8
19,3,9
19,4,2
19,5,6
20,1,1
20,1,1
20,1,4
20,1,2
20,2,2
20,3,9
20,3,9
20,3,3
20,4,7
20,4,3
20,4,10
20,4,10
20,5,6
20,5,1
20,5,9
20,5,4
21,1,8
21,1,7
21,2,6
21,3,2
21,4,10
21,4,6
21,5,5
22,1,1
22,1,7
22,1,10
22,1,4
22,2,8
22,2,3
22,2,8
22,2,7
22,3,8
22,3,1
22,3,8
22,3,5
22,4,10
22,4,9
22,5,5
23,1,4
23,1,4
23,1,1
23,1,4
23,2,10
23,2,8
23,3,4
23,4,2
23,4,5
23,4,2
23,5,5
23,5,7
24,1,3
24,1,6
24,1,2
24,2,10
24,2,3
24,2,4
24,2,1
24,3,9
24,3,1
24,3,1
24,4,9
24,4,4
24,5,4
24,5,1
25,1,10
25,1,10
25,1,7
25,1,9
25,2,1
25,2,2
25,2,3
25,2,9
25,3,8
25,3,4
25,4,8
25,4,7
25,5,2
25,5,6
25,5,5
25,5,8
26,1,10
26,1,8
26,1,6
26,2,5
26,2,1
26,3,1
26,3,4
26,4,6
26,4,6
26,5,9
26,5,3
26,5,8
27,1,3
27,1,6
27,2,6
27,2,9
27,3,9
27,3,9
27,4,5
27,4,2
27,4,7
27,4,7
27,5,3
27,5,1
27,5,6
27,5,1
28,1,1
28,1,4
28,2,2
28,2,1
28,2,10
28,3,4
28,3,10
28,3,7
28,3,8
28,4,2
28,5,4
28,5,1
28,5,1
29,1,1
29,1,7
29,1,1
29,1,5
29,2,6
29,2,2
29,3,2
29,3,1
29,4,5
29,4,9
29,5,4
29,5,10